image_width: 640
image_height: 480
camera_name: rgb_PS1080_PrimeSense
camera_matrix:
  rows: 3
  cols: 3
  data: [536.8053440553133, 0, 310.4497775034432, 0, 538.1881626552579, 241.0458362306309, 0, 0, 1]
distortion_model: plumb_bob
distortion_coefficients:
  rows: 1
  cols: 5
  data: [0.03755261746407846, -0.09837075474799625, 0.002528357397567487, -0.003400855880796149, 0]
rectification_matrix:
  rows: 3
  cols: 3
  data: [1, 0, 0, 0, 1, 0, 0, 0, 1]
projection_matrix:
  rows: 3
  cols: 4
  data: [536.246337890625, 0, 307.7145602612291, 0, 0, 539.6106567382812, 241.4628501786956, 0, 0, 0, 1, 0]